0 5 404.5 499.782 2
4 0 674.5 261.936 1
-3 4 202 539.423 0
0 8 404.5 737.628 0
3 1 607 301.577 0
-1 5 337 539.423 2
1 6 472 618.705 2
1 0 472 143.013 0
-1 0 337 143.013 0
1 1 472 222.295 0
-2 3 269.5 420.5 1
3 3 607 460.141 0
-2 4 269.5 499.782 0
2 5 539.5 579.064 0
-4 4 134.5 579.064 0
-1 1 337 222.295 1
4 4 674.5 579.064 2
-4 0 134.5 261.936 1
-4 1 134.5 341.218 0
4 1 674.5 341.218 0
-3 5 202 618.705 0
-3 3 202 460.141 0
1 2 472 301.577 2
3 5 607 618.705 0
3 0 607 222.295 0
0 6 404.5 579.064 2
-3 2 202 380.859 1
2 6 539.5 658.346 0
-4 3 134.5 499.782 0
1 7 472 697.987 0
-1 7 337 697.987 0
-2 1 269.5 261.936 1
-2 2 269.5 341.218 1
2 3 539.5 420.5 0
-3 1 202 301.577 1
-4 2 134.5 420.5 0
-2 0 269.5 182.654 0
-2 5 269.5 579.064 0
3 4 607 539.423 0
-3 0 202 222.295 0
2 2 539.5 341.218 0
-1 6 337 618.705 2
-1 2 337 301.577 1
2 1 539.5 261.936 0
2 4 539.5 499.782 0
0 0 404.5 103.372 0
4 3 674.5 499.782 2
1 3 472 380.859 0
1 5 472 539.423 2
-2 6 269.5 658.346 0
2 0 539.5 182.654 0
-1 3 337 380.859 0
0 1 404.5 182.654 0
4 2 674.5 420.5 0
0 2 404.5 261.936 2
3 2 607 380.859 0
0 7 404.5 658.346 0
0 4 404.5 420.5 2